.Random.seed <-
c(10403L, 10L, -1892649862L, 1714569157L, 637387039L, -1600278362L, 
898699824L, 1506740435L, 78726897L, 1115006496L, 364490942L, 
-702327607L, -2040619397L, 1802177610L, 588133548L, 274969519L, 
1043707749L, 1444662556L, -205802126L, 164494829L, -1271033305L, 
1830609486L, -399825240L, -340714325L, 1593990601L, -711634472L, 
-618796922L, -1638148767L, 2009065715L, 408778594L, 1371939284L, 
601023703L, -1647368499L, -607629724L, 746589258L, -1027036747L, 
1715352847L, 613532182L, -1793188672L, -1120175485L, 1924974241L, 
-1236580208L, -2133007506L, -805384935L, 722886059L, 1968798618L, 
1285010268L, -2017963425L, -661988811L, -109174324L, 128899362L, 
755374973L, -801703817L, -1244213858L, 1172137048L, 1162994107L, 
1587033L, 1764062440L, -1352909546L, -1757495663L, 1738568515L, 
-2119692718L, 212721892L, 1845564199L, -415070339L, -192730508L, 
2106250330L, -908604251L, 1644508863L, 1825361222L, 296850384L, 
-410419725L, -1957422831L, 2111792448L, -2121718498L, -790330903L, 
-2143243493L, -526820054L, 982562380L, 219091471L, 1915594053L, 
595175164L, 327875922L, -1202818355L, -1489286521L, 36375918L, 
-1822947512L, 565068619L, -259446103L, 703668216L, 1933504294L, 
-1692700607L, 1836851667L, -2066920574L, -1134346316L, 177887031L, 
480120365L, 1875337028L, 1081670762L, 803112661L, -1017909137L, 
-215846538L, 601053856L, -565082269L, -1178874879L, -843049104L, 
-48767218L, -29861511L, -1470526197L, -1153452486L, 1282944316L, 
-561569153L, 99797461L, 806782956L, -1874339518L, 1798497949L, 
-1503038697L, 999817854L, -985206216L, 734545179L, -1892167047L, 
-1012347192L, -125597962L, 1159286577L, -1850218653L, 320429362L, 
-1926594940L, 574552775L, -539141731L, -939987692L, 1386734522L, 
-1386207739L, 1388644319L, 2092351078L, -1098642960L, 407078675L, 
830294193L, -1665590432L, 768911614L, 1338472585L, -782112837L, 
1146601866L, -2076422036L, -131403281L, 423578149L, -2039628068L, 
-1710672718L, -657467475L, 1359391591L, -1737758578L, 1221272936L, 
-1522846357L, 1628247817L, -1111078504L, 998396102L, -484330975L, 
-864175437L, 946071586L, -1068035564L, -56437097L, -1869510515L, 
-1555116636L, 1943244682L, -1318560779L, -2140892593L, -801340074L, 
-1354473472L, 376217923L, 2074504417L, -2072115632L, -1998095698L, 
758177369L, -524458389L, -538850342L, 258505884L, 1593497247L, 
1989115125L, -460030580L, -1275393950L, 307923005L, -1492757833L, 
-496019106L, -1013563240L, -1657172997L, -2057987687L, -1061246424L, 
1506667222L, 971063121L, -1540627965L, 1704539538L, 1229828900L, 
-258882073L, -1025838531L, 97717428L, 1753172762L, 1303814245L, 
-434124545L, -2048366202L, 224870160L, 1820797875L, -1010341807L, 
494361600L, 204610782L, 373116713L, 1232548571L, 1139698154L, 
305729932L, -779282737L, -427275643L, -1077796548L, 513821714L, 
141304589L, -1795583929L, -876101074L, 573475720L, 584304267L, 
141277289L, -95214536L, -1118370586L, -141300607L, 84732947L, 
1199664066L, 2003211380L, -238785929L, 1902859117L, -2121759740L, 
738631466L, 1441307797L, -1877124305L, -597597764L, -722079084L, 
971736706L, 511857088L, 2065518396L, -454318448L, 399487778L, 
-1618704888L, 1821677324L, 888485788L, -739676142L, -1683127424L, 
1367093012L, -974419672L, 712536122L, -204208176L, -1262974356L, 
-1775674316L, -1395596142L, -806326944L, -1529032372L, 1085651424L, 
425201570L, 1920176040L, -1272912756L, 1054491580L, 410777714L, 
-1005779984L, 1604091972L, -2138184616L, -2118918086L, 775692400L, 
270152252L, 1088822036L, 1211162306L, -1306505504L, -1366109060L, 
983138512L, 1276089250L, 1252835880L, -1070832372L, 1797712828L, 
1160865074L, -2018452288L, 610315828L, 1769486024L, -362219846L, 
1201234064L, 1548045036L, -772113836L, -174399854L, 594000672L, 
1222978508L, -1645253408L, 495667906L, -1707429848L, -158258260L, 
606775996L, 1977783794L, 1935279664L, 659091364L, -528820808L, 
-1107951782L, 61319312L, 396782460L, 1517323028L, 475238722L, 
-869457152L, 1241096124L, 406758224L, -449817310L, -1363849656L, 
-281995252L, 1213784156L, -1650972206L, 948488704L, 1790001492L, 
-1882147608L, 2142997754L, -781437232L, 1920580908L, 1808386292L, 
-1513839214L, -838321824L, -1120831476L, -1114394912L, -832148894L, 
-1135239512L, 650745420L, 1674795900L, 108393778L, 373956208L, 
-899126460L, -1128148008L, 266981242L, -1681796560L, 1263299516L, 
-1971371436L, -508916670L, 1130985632L, 393835196L, 2134818256L, 
-823781534L, 1634145000L, -1574464308L, 511143420L, -335439374L, 
1789228672L, 824608244L, 464044680L, 1598519098L, -1271578800L, 
-1023304596L, -1211306604L, -1348617134L, -1807365664L, -30313268L, 
-2059042656L, -1123137150L, 1537792232L, -1813269780L, -585042628L, 
-317506446L, -2145016720L, -804058076L, -12279752L, -808125670L, 
697261264L, 1987717948L, 1697052564L, 717647746L, -1965406784L, 
-1474620868L, -858412656L, 621890082L, 478358792L, 1758468748L, 
-494180580L, -1773125486L, -1304985216L, -1205509612L, 2065154856L, 
800302650L, 496019920L, -635857556L, 111182772L, 143682578L, 
1815146976L, 2105885644L, 764477664L, 1144231970L, 1799761192L, 
1279858188L, 1023472444L, -1008581646L, -43467024L, -2020836796L, 
853868120L, -1356295366L, 857473520L, 1636294332L, 783953172L, 
-538640702L, 1658003552L, -1789491332L, -788218928L, 1576840482L, 
1227990696L, -536474740L, -1806680900L, -246663374L, 1985073728L, 
1121314996L, -1299199416L, 367578554L, 1925460496L, -41591060L, 
-1756578476L, -235436782L, 69597600L, -783524148L, 247051872L, 
-291535934L, 2000593704L, 922835884L, -1332814020L, -1767060110L, 
-7651536L, 1527809316L, 1341868856L, -183968038L, -794356848L, 
750484220L, -1389055084L, -412925886L, 1351139584L, 1570157628L, 
-718916272L, -1338937182L, -1338589880L, 624990988L, -967077156L, 
525607250L, -1887747968L, 2072960084L, 1140747240L, -283491078L, 
1174118224L, 1679503148L, -30274188L, -1175949422L, 334748768L, 
1663575436L, -1394017440L, 2009302498L, 557826984L, -1487966004L, 
960396284L, 2095747506L, -786620944L, 2018267076L, 115671384L, 
46892410L, 4304816L, 1868559804L, -277228460L, -1675696190L, 
166364074L, -1747782584L, -392782735L, 1955092963L, -696208156L, 
-544714734L, -673971225L, -724145231L, -2135955978L, 1233578004L, 
2102011685L, -319455185L, -2060629528L, -753381690L, -1187188877L, 
-19445803L, 2020589490L, -1259779712L, 1598542185L, -1890282021L, 
547605804L, 435107642L, -1244673553L, 842689657L, 1923505934L, 
946477788L, -1471006387L, -797174601L, -225374656L, -1414389986L, 
100636139L, 1562257773L, -54114342L, 779698584L, -1762070527L, 
-1455242829L, 152869076L, 1408777698L, -1038800777L, 631250369L, 
1840510790L, 1199252100L, -1884279755L, -424326113L, -137933960L, 
1647030870L, 660307683L, 1783167141L, -1467258558L, -1056428240L, 
425335641L, 1475080395L, -1846337220L, -3117718L, -1517172833L, 
-1140338135L, 1891310782L, 326305196L, -483468547L, 1389688391L, 
-1402747600L, -807848370L, 2017085051L, 860145117L, -1856588790L, 
2100692264L, -1948406895L, -857305725L, -108311932L, 204044466L, 
354379783L, -362175407L, 819598294L, 129591988L, 839031493L, 
409893903L, -172721016L, -640275034L, -1259567789L, -1645920587L, 
-318974958L, 1900062176L, 459688009L, -920514949L, 2089596748L, 
-35495206L, 970434255L, -1374067047L, -139519314L, 910264252L, 
-940720083L, 1577877463L, 127432224L, -445581442L, -524437173L, 
-560841907L, -1563522694L, -1116222536L, 1918980449L, 2054692115L, 
-189119180L, 1292693314L, 81866583L, 925376161L, 1444589414L, 
689719652L, 55127189L, 1575093695L, -1333900968L, 1351731062L, 
-1581615741L, -1744785467L, 1977119970L, -1279413936L, 1540632697L, 
-569412693L, 1689139484L, -790925750L, 1968687679L, 1789689481L, 
695085726L, -689498292L, 203132701L, -1681469785L, 91997648L, 
-136897170L, 178106395L, 1609572733L, -195758230L, 2029490696L, 
-1682073935L, -1037700829L, 1422246436L, -595031854L, -1969487577L, 
1852599153L, -948946506L, -890375852L, 1767313381L, -129742353L, 
695857448L, 1845561734L, -1602079309L, 1215535381L, 1111239538L, 
1328981952L, -1609447383L, 428418203L, -1347436180L, 887318906L, 
